          1       23.065781        0.000000        4.423368
          2       25.217937        3.054392        4.466110
          3       26.215891        4.407531        4.490901
          4       27.330088        5.877234        4.499213
          5       28.448757        7.347330        4.501370
          6       29.564756        8.818047        4.504375
          7       30.680439       10.289511        4.506766
          8       31.126366       10.878259        4.506637
          9       31.794878       11.761469        4.503865
         10       32.908421       13.233868        4.497894
         11       34.021561       14.706839        4.493926
         12       35.134712       16.180107        4.492718
         13       36.247189       17.652937        4.484257
         14       37.359093       19.125185        4.467355
         15       38.470905       20.597303        4.448234
         16       39.581818       22.068584        4.422265
         17       40.691391       23.538641        4.389009
         18       41.800148       25.007744        4.350433
         19       42.908070       26.475863        4.306202
         20       44.015575       27.943491        4.259347
         21       45.122284       29.410135        4.205517
         22       36.527710        0.000000        2.866260
         23       37.049595        3.054544        3.556081
         24       37.255268        4.413882        3.763114
         25       37.509388        5.887869        3.916252
         26       37.766594        7.359426        4.049817
         27       38.022217        8.831478        4.165814
         28       38.277813       10.302880        4.243602
         29       38.380123       10.893352        4.262406
         30       38.833000       11.777258        4.297520
         31       39.586555       13.249094        4.332690
         32       40.340317       14.721772        4.346376
         33       41.093513       16.194437        4.355443
         34       41.844795       17.663736        4.342543
         35       42.595188       19.131338        4.306307
         36       43.345581       20.599432        4.276605
         37       44.095181       22.068003        4.256063
         38       44.843502       23.534145        4.209652
         39       45.592968       25.003519        4.191683
         40       46.342403       26.472137        4.165711
         41       47.092972       27.941395        4.142812
         42       47.843761       29.412119        4.129534
 
 
 
